0 1
0 2
0 11
1 5
1 6
1 22
2 3
2 4
3 13
3 14
4 7
4 5
6 9
6 11
7 8
7 51
8 48
8 46
9 10
10 11
11 12
12 19
12 17
13 16
14 15
14 16
15 22
15 17
16 17
17 18
18 24
18 19
19 20
20 21
21 26
22 23
23 25
24 27
25 33
25 28
25 30
25 48
26 30
26 28
27 28
28 29
29 37
30 31
30 39
31 32
32 35
32 34
33 34
33 54
34 36
35 50
35 46
36 56
36 55
36 64
37 38
37 45
38 39
38 44
39 40
40 41
40 45
41 42
41 44
42 43
43 44
44 45
44 69
44 74
45 46
46 47
47 51
48 49
49 55
50 52
50 51
51 53
51 58
52 57
53 54
53 58
54 68
54 69
55 58
55 59
56 60
56 62
57 70
57 71
57 72
58 80
58 81
59 73
59 74
60 61
61 75
61 76
61 77
62 63
62 64
63 78
63 79
64 65
64 66
65 67
66 67
66 81
70 80
75 80
