0 1
0 2
1 3
2 4
4 5
4 6
4 0
6 7
6 8
6 9
6 10
6 1
5 11
5 12
5 13
5 14
5 6
3 15
3 16
3 4
3 5
15 17
15 18
15 6
15 5
7 19
7 20
7 5
8 21
8 22
9 23
9 24
9 25
9 8
9 13
10 12
11 13
11 19
11 16
11 23
12 24
12 19
12 22
13 16
13 22
13 23
13 20
13 21
14 25
14 19
14 20
14 21
16 19
16 22
16 20
17 24
17 18
17 22
18 24
18 20
18 21
18 22
19 21
19 20
21 22
22 24
24 25
25 26
25 27
25 28
26 27
26 29
26 30
27 31
27 32
27 33
26 31
27 29
27 30
28 30
28 29
28 31
30 33
32 33
32 34
32 35
33 36
32 36
33 34
34 36
34 37
36 38
36 39
36 37
37 38
37 39
37 40
38 41
38 42
38 43
40 42
40 41
40 44
40 45
41 42
41 46
42 47
42 48
38 47
40 47
42 43
43 47
43 45
43 46
43 48
44 46
44 45
44 47
44 48
45 48
46 47
46 49
49 50
49 51
49 52
50 51
50 53
50 54
50 55
51 56
51 57
50 57
50 52
51 55
52 56
53 57
53 54
54 57
54 55
54 56
55 57
55 56
57 58
57 59
58 60
58 61
58 62
58 63
59 61
59 64
60 62
60 61
60 65
61 66
61 67
58 66
60 66
61 63
63 67
63 65
64 65
64 67
64 66
64 68
64 69
65 67
65 66
65 70
67 71
64 71
68 70
68 71
68 72
69 71
69 70
69 73
69 74
70 71
70 75
71 76
69 75
71 72
72 74
72 76
72 73
72 77
73 74
73 75
73 78
74 79
77 78
77 79
77 80
78 79
79 81
80 81
80 82
80 83
81 84
81 85
81 86
80 84
80 85
81 83
81 82
82 86
82 84
83 86
83 85
84 86
84 87
86 88
86 87
87 89
88 90
87 90
89 90
89 91
89 92
90 93
90 94
